MEMORY
  total            13.6 MB
  struct          159.0 KB
  buffer          498.4 KB
  arena            13.0 MB, used 0.2%

SIZES
  narena                13631488
  nbuffer               510336
  nplugin               0
  maxuse_stack          2256
  maxuse_arena          29344
  maxuse_con            0
  maxuse_efc            7
  solver_nisland        1
  ncon                  0
  ne                    0
  nf                    7
  nl                    0
  nefc                  7
  nJ                    49
  nA                    0
  nisland               0
  threadpool            0

TIMER
    0:  duration =  3.1        number = 50
    1:  duration =  2.8        number = 50
    2:  duration =  0          number = 0
    3:  duration =  2.2        number = 50
    4:  duration =  0.11       number = 50
    5:  duration =  0.068      number = 50
    6:  duration =  0.14       number = 50
    7:  duration =  0.085      number = 50
    8:  duration =  0.22       number = 50
    9:  duration =  0.19       number = 100
    10:  duration =  1          number = 50
    11:  duration =  0.099      number = 50
    12:  duration =  0.063      number = 50
    13:  duration =  0.17       number = 50
    14:  duration =  0.29       number = 50

SOLVER STAT
  solver_nisland = 1
  solver_fwdinv =   0         0       
  ISLAND 0
    solver_niter = 1
    solver_nnz = 49
      0:  improvement =  4.3e-12     gradient =  1.1e-18     lineslope =  0       
          nactive = 7   nchange = 0   neval = 2   nupdate = 0

ENERGY =   0         0       

TIME =  87      

QPOS
  -0.049   
   0.39    
   0.049   
  -2       
  -0.029   
   2.4     
   0.8     

QVEL
   0.00015 
  -3.1e-05 
  -0.00017 
  -4.8e-05 
   0.00019 
   5.3e-05 
  -0.00017 

QACC_WARMSTART
   1.6e-05 
   7e-06   
  -1e-05   
   1.1e-05 
  -3.5e-05 
  -9.6e-06 
   4.1e-05 

CTRL
   0.025   
  -39      
   0.91    
   20      
   0.54    
   2.2     
  -0.017   

QFRC_APPLIED
   0       
   0       
   0       
   0       
   0       
   0       
   0       

XFRC_APPLIED
   0         0         0         0         0         0       
   0         0         0         0         0         0       
   0         0         0         0         0         0       
   0         0         0         0         0         0       
   0         0         0         0         0         0       
   0         0         0         0         0         0       
   0         0         0         0         0         0       
   0         0         0         0         0         0       
   0         0         0         0         0         0       
   0         0         0         0         0         0       
   0         0         0         0         0         0       
   0         0         0         0         0         0       
   0         0         0         0         0         0       
   0         0         0         0         0         0       
   0         0         0         0         0         0       
   0         0         0         0         0         0       

MOCAP_POS
   0.6      -0.00034   0.14    

MOCAP_QUAT
   0         1         0         0       

QACC
   1.6e-05 
   7e-06   
  -1e-05   
   1.1e-05 
  -3.5e-05 
  -9.6e-06 
   4.1e-05 

XPOS
   0         0         0       
   0         0         0       
   0         0         0       
   0         0         0.33    
   0         0         0.33    
   0.12     -0.0059    0.63    
   0.2      -0.0055    0.59    
   0.51     -0.002     0.35    
   0.51     -0.002     0.35    
   0.6      -0.00032   0.35    
   0.6      -0.00033   0.25    
   0.6      -0.00034   0.13    
   0.6      -0.0083    0.19    
   0.6       0.0077    0.19    
   0.6       0         0.12    
   0.6      -0.00034   0.14    

XQUAT
   1         0         0         0       
   1         0         0         0       
   1         0         0         0       
   1         0         0        -0.024   
   0.7      -0.69      0.15      0.12    
   0.98      0.0096    0.19      0.00027 
   0.24      0.25      0.67     -0.66    
   0.34     -0.0091    0.94      0.0033  
   0.71      0.71      0.0069    0.0068  
   7.4e-05   0.92     -0.38     -5e-05   
   5e-05     1        -1.4e-05  -7.4e-05 
  -1         5e-05    -7.4e-05   1.4e-05 
   5e-05     1        -1.4e-05  -7.4e-05 
   7.4e-05  -1.4e-05  -1         5e-05   
   1         0         0         0       
   0         1         0         0       

XMAT
   1         0         0         0         1         0         0         0         1       
   1         0         0         0         1         0         0         0         1       
   1         0         0         0         1         0         0         0         1       
   1         0.049     0        -0.049     1        -0        -0         0         1       
   0.92     -0.38      0.049    -0.045     0.019     1        -0.38     -0.92     -7.8e-17 
   0.92      0.0032    0.38      0.0042    1        -0.019    -0.38      0.019     0.92    
  -0.76      0.65     -0.0032    0.015     0.012    -1        -0.65     -0.76     -0.019   
  -0.76     -0.019     0.65     -0.015     1         0.012    -0.65     -9.6e-05  -0.76    
   1         0.00015   0.019     0.019     9.9e-05  -1        -0.00015   1         9.6e-05 
   0.71     -0.71     -0.00015  -0.71     -0.71     -9.9e-05  -3.5e-05   0.00018  -1       
   1        -2.8e-05  -0.00015  -2.8e-05  -1        -9.9e-05  -0.00015   9.9e-05  -1       
   1         2.8e-05   0.00015  -2.8e-05   1         9.9e-05  -0.00015  -9.9e-05   1       
   1        -2.8e-05  -0.00015  -2.8e-05  -1        -9.9e-05  -0.00015   9.9e-05  -1       
  -1         2.8e-05  -0.00015   2.8e-05   1        -9.9e-05   0.00015  -9.9e-05  -1       
   1         0         0         0         1         0         0         0         1       
   1         0         0         0        -1         0         0         0        -1       

XIPOS
   0         0         0       
   0         0         0       
  -0.03     -0.00025   0.058   
  -0.00088  -0.018     0.29    
   0.032     0.0073    0.4     
   0.15     -0.01      0.58    
   0.27      0.0031    0.58    
   0.45      0.026     0.43    
   0.57      0.0093    0.31    
   0.59     -0.0096    0.37    
   0.59     -0.00033   0.22    
   0.6      -0.00034   0.14    
   0.6      -0.0083    0.19    
   0.6       0.0077    0.19    
   0.6       0         0.12    
   0.6      -0.00034   0.14    

XIMAT
   1         0         0         0         1         0         0         0         1       
   1         0         0         0         1         0         0         0         1       
   0.011    -0.5       0.87      1         0.033     0.0069   -0.032     0.86      0.5     
   1         0.022     0.0084   -0.022     1        -0.0046   -0.0085    0.0044    1       
   0.31     -0.71      0.63      0.93      0.11     -0.34      0.17      0.69      0.7     
   0.6      -0.41      0.69      0.23      0.91      0.34     -0.76     -0.044     0.64    
  -0.42     -0.43     -0.79     -0.67     -0.44      0.6      -0.61      0.79     -0.11    
  -0.7      -0.46      0.54     -0.66      0.71     -0.24     -0.27     -0.53     -0.81    
   0.25      0.19      0.95      0.29     -0.95      0.11      0.92      0.25     -0.29    
  -0.095    -0.74      0.67      0.84      0.3       0.45     -0.54      0.6       0.59    
   1        -2.8e-05  -0.00015  -2.8e-05  -1        -9.9e-05  -0.00015   9.9e-05  -1       
   0.00015  -1        -2.8e-05   9.9e-05   2.8e-05  -1         1         0.00015   9.9e-05 
   1        -2.8e-05  -0.00015  -2.8e-05  -1        -9.9e-05  -0.00015   9.9e-05  -1       
  -1         2.8e-05  -0.00015   2.8e-05   1        -9.9e-05   0.00015  -9.9e-05  -1       
   0        -1         0         0         0        -1         1         0         0       
   1         0         0         0        -1         0         0         0        -1       

XANCHOR
   0         0         0.33    
   0         0         0.33    
   0.12     -0.0059    0.63    
   0.2      -0.0055    0.59    
   0.51     -0.002     0.35    
   0.51     -0.002     0.35    
   0.6      -0.00032   0.35    

XAXIS
   0         0         1       
   0.049     1         3.3e-16 
   0.38     -0.019     0.92    
  -0.0032   -1        -0.019   
   0.65      0.012    -0.76    
   0.019    -1         9.6e-05 
  -0.00015  -9.9e-05  -1       

GEOM_XPOS
   0         0         0       
  -0.044    -0.0034    0.042   
   0.011    -2.2e-05   0.047   
  -0.042    -0.021     0.045   
  -0.034     8.7e-05   0.048   
   0.024     0.0002    0.12    
  -0.07      0.023     0.13    
  -0.008    -3.5e-05   0.12    
  -0.029    -0.00088   0.057   
  -0.0015   -0.031     0.26    
  -0.0016   -0.032     0.27    
   0.028     0.031     0.4     
   0.028     0.03      0.4     
   0.14      0.011     0.57    
   0.19      0.074     0.59    
   0.15      0.02      0.57    
   0.26     -0.021     0.59    
   0.2      -0.085     0.59    
   0.25     -0.03      0.59    
   0.42      0.027     0.45    
   0.44      0.1       0.44    
   0.48      0.094     0.38    
   0.44      0.035     0.44    
   0.6       0.024     0.43    
   0.5       0.0034    0.36    
   0.57     -0.0046    0.36    
   0.51     -0.055     0.35    
   0.6      -0.025     0.43    
   0.6      -0.0003    0.43    
   0.55     -0.024     0.38    
   0.6      -0.00016   0.43    
   0.56     -0.0072    0.36    
   0.6       0.049     0.27    
   0.6       0.0033    0.28    
   0.6      -0.059     0.27    
   0.6      -0.059     0.27    
   0.6      -0.015     0.27    
   0.6      -0.00034   0.23    
   0.6       0.095     0.25    
   0.6       0.066     0.27    
   0.6      -0.0035    0.22    
   0.6      -0.00072   0.24    
   0.6       0.00029   0.22    
   0.6      -0.00034   0.14    
   0.6      -0.00034   0.14    
   0.59     -0.00034   0.14    
   0.6       0.0069    0.14    
   0.6      -0.0075    0.14    
   0.6       0.0037    0.14    
   0.59      0.0037    0.14    
   0.6      -0.0043    0.14    
   0.59     -0.0043    0.14    
   0.6      -0.024     0.17    
   0.6      -0.013     0.14    
   0.6      -0.024     0.17    
   0.6      -0.014     0.14    
   0.6      -0.01      0.14    
   0.59     -0.01      0.14    
   0.6      -0.01      0.15    
   0.59     -0.01      0.15    
   0.6       0.023     0.17    
   0.6       0.012     0.14    
   0.6       0.023     0.17    
   0.6       0.013     0.14    
   0.59      0.0097    0.14    
   0.6       0.0097    0.14    
   0.59      0.0097    0.15    
   0.6       0.0097    0.15    
   0.6       0         0.12    
   0.6       0.004     0.13    
   0.6       0.004     0.13    
   0.6      -0.004     0.13    
   0.6      -0.004     0.13    
   0.6      -0.00034   0.14    

GEOM_XMAT
   1         0         0         0         1         0         0         0         1       
  -0.0085   -1         0.049     0.085    -0.05     -1         1        -0.0042    0.086   
   0.99     -0.12      1.5e-05   3.6e-05   0.00017  -1         0.12      0.99      0.00017 
   0.0025   -0.99     -0.11      0.087     0.11     -0.99      1        -0.0072    0.086   
  -0.31      0.0089    0.95     -0.021    -1         0.0025    0.95     -0.019     0.31    
   0.18     -0.98     -0.029    -0.0027    0.029    -1         0.98      0.18      0.0026  
   1         8.3e-06   0.0072    0.0072   -0.0012   -1         8.7e-19   1        -0.0012  
   0.034    -0.00032   1        -6.3e-05  -1        -0.00032   1        -5.2e-05  -0.034   
  -0.36      0.0082    0.93      0.022    -1         0.017     0.93      0.027     0.36    
   1         0.045    -0.017    -0.048     0.94     -0.34      0.00032   0.34      0.94    
   1         0.046    -0.018    -0.05      0.93     -0.37     -0.00025   0.37      0.93    
   0.92      0.19      0.34     -0.044     0.92     -0.39     -0.38      0.35      0.86    
   0.92      0.18      0.34     -0.045     0.93     -0.36     -0.38      0.31      0.87    
  -0.47     -0.0039    0.88      0.58     -0.75      0.3       0.67      0.66      0.35    
  -0.084    -0.26      0.96      1        -0.015     0.083    -0.0071    0.97      0.26    
  -0.46      0.22      0.86      0.26     -0.89      0.37      0.85      0.39      0.35    
  -0.25      0.2      -0.95      0.61     -0.73     -0.31     -0.75     -0.65      0.057   
   0.088    -0.045    -1        -1        -0.021    -0.087    -0.017     1        -0.047   
  -0.22      0.31     -0.92      0.37     -0.85     -0.37     -0.9      -0.43      0.073   
  -0.76     -0.18      0.62     -0.031     0.97      0.24     -0.65      0.16     -0.74    
  -0.13      0.76      0.63      0.98      0.015     0.19      0.13      0.65     -0.75    
  -0.053     0.76      0.64      1         0.017     0.062     0.036     0.64     -0.76    
  -0.76     -0.19      0.62     -0.014     0.96      0.28     -0.64      0.21     -0.74    
   1         0.00015   0.019     0.019     9.9e-05  -1        -0.00015   1         9.6e-05 
   0.019    -0.86     -0.5      -1        -0.017    -0.0098    7.6e-05   0.5      -0.86    
   0.16     -0.031     0.99     -0.99     -0.017     0.16      0.011    -1        -0.033   
   0.019    -0.00015   1        -1        -9.9e-05   0.019     9.6e-05  -1        -0.00015 
   1         0.00015   0.019     0.019     9.9e-05  -1        -0.00015   1         9.6e-05 
   0.00015  -1         0.019     9.9e-05  -0.019    -1         1         0.00015   9.6e-05 
   0.082     0.66      0.75     -0.91     -0.26      0.33      0.41     -0.7       0.58    
   0.21      0.019     0.98      0.0042   -1         0.019     0.98      9.6e-05  -0.21    
   0.16      0.13      0.98     -0.99      0.014     0.16      0.007    -0.99      0.13    
   0.71     -0.71     -0.00015  -0.71     -0.71     -9.9e-05  -3.5e-05   0.00018  -1       
   0.0056   -0.022     1        -0.0055    1         0.022    -1        -0.0056    0.0055  
  -0.00015   6.6e-06   1         0.21      0.98      2.5e-05  -0.98      0.21     -0.00015 
  -0.00019   0.00023   1         0.45      0.89     -0.00012  -0.89      0.45     -0.00027 
   7.6e-05  -1         0.00063   0.054     0.00063   1        -1        -4.2e-05   0.054   
  -0.00015  -1         2.8e-05  -9.9e-05   2.8e-05   1        -1         0.00015  -9.9e-05 
   1        -7.9e-05  -0.00013  -2.8e-05  -0.94      0.35     -0.00015  -0.35     -0.94    
   1        -0.00015   2.8e-05  -2.8e-05  -9.9e-05   1        -0.00015  -1        -9.9e-05 
   1        -0.00017   2.5e-05  -2.7e-05  -0.011     1        -0.00017  -1        -0.011   
  -0.00011   0.069     1         0.00044   1        -0.069    -1         0.00044  -0.00014 
   1        -0.00061  -0.00019   0.0002    0.026     1        -0.00061  -1         0.026   
   1         2.8e-05   0.00015  -2.8e-05   1         9.9e-05  -0.00015  -9.9e-05   1       
   1         2.8e-05   0.00015  -2.8e-05   1         9.9e-05  -0.00015  -9.9e-05   1       
   1         2.8e-05   0.00015  -2.8e-05   1         9.9e-05  -0.00015  -9.9e-05   1       
   1         2.8e-05   0.00015  -2.8e-05   1         9.9e-05  -0.00015  -9.9e-05   1       
   1         2.8e-05   0.00015  -2.8e-05   1         9.9e-05  -0.00015  -9.9e-05   1       
   1         2.8e-05   0.00015  -2.8e-05   1         9.9e-05  -0.00015  -9.9e-05   1       
   1         2.8e-05   0.00015  -2.8e-05   1         9.9e-05  -0.00015  -9.9e-05   1       
   1         2.8e-05   0.00015  -2.8e-05   1         9.9e-05  -0.00015  -9.9e-05   1       
   1         2.8e-05   0.00015  -2.8e-05   1         9.9e-05  -0.00015  -9.9e-05   1       
  -3.9e-05  -1        -0.00015  -1         2.8e-05   0.076    -0.076     0.00015  -1       
  -2.8e-05  -1        -0.00015  -1         2.8e-05  -9.9e-05   9.9e-05   0.00015  -1       
  -3.9e-05  -1        -0.00015  -1         2.8e-05   0.076    -0.076     0.00015  -1       
   1        -2.8e-05  -0.00015  -2.8e-05  -1        -9.9e-05  -0.00015   9.9e-05  -1       
   1        -2.8e-05  -0.00015  -2.8e-05  -1        -9.9e-05  -0.00015   9.9e-05  -1       
   1        -2.8e-05  -0.00015  -2.8e-05  -1        -9.9e-05  -0.00015   9.9e-05  -1       
   1        -2.8e-05  -0.00015  -2.8e-05  -1        -9.9e-05  -0.00015   9.9e-05  -1       
   1        -2.8e-05  -0.00015  -2.8e-05  -1        -9.9e-05  -0.00015   9.9e-05  -1       
   1.7e-05   1        -0.00015   1        -2.8e-05  -0.077    -0.077    -0.00015  -1       
   2.8e-05   1        -0.00015   1        -2.8e-05  -9.9e-05  -9.9e-05  -0.00015  -1       
   1.7e-05   1        -0.00015   1        -2.8e-05  -0.077    -0.077    -0.00015  -1       
  -1         2.8e-05  -0.00015   2.8e-05   1        -9.9e-05   0.00015  -9.9e-05  -1       
  -1         2.8e-05  -0.00015   2.8e-05   1        -9.9e-05   0.00015  -9.9e-05  -1       
  -1         2.8e-05  -0.00015   2.8e-05   1        -9.9e-05   0.00015  -9.9e-05  -1       
  -1         2.8e-05  -0.00015   2.8e-05   1        -9.9e-05   0.00015  -9.9e-05  -1       
  -1         2.8e-05  -0.00015   2.8e-05   1        -9.9e-05   0.00015  -9.9e-05  -1       
   1         0         0         0         1         0         0         0         1       
   1         0         0         0         1         0         0         0         1       
   1         0         0         0         1         0         0         0         1       
   1         0         0         0         1         0         0         0         1       
   1         0         0         0         1         0         0         0         1       
   1         0         0         0        -1         0         0         0        -1       

SITE_XPOS
   0.6      -0.00033   0.25    
   0.7      -0.00033   0.21    

SITE_XMAT
   0.71     -0.71     -0.00015  -0.71     -0.71     -9.9e-05  -3.5e-05   0.00018  -1       
   1        -2.8e-05  -0.00015  -2.8e-05  -1        -9.9e-05  -0.00015   9.9e-05  -1       

CAM_XPOS
   0.7      -0.00033   0.21    

CAM_XMAT
  -2.8e-05   0.64      0.77     -1        -9.4e-05   4.2e-05   9.9e-05  -0.77      0.64    

LIGHT_XPOS
   0         0         1.5     

LIGHT_XDIR
   0         0        -1       

SUBTREE_COM
   0.21      0.0013    0.37    
   0.21      0.0013    0.37    
   0.21      0.0013    0.37    
   0.25      0.0016    0.42    
   0.3       0.0059    0.45    
   0.38      0.0055    0.46    
   0.44      0.0097    0.43    
   0.52      0.013     0.35    
   0.58      0.0033    0.3     
   0.59     -0.0045    0.28    
   0.59     -0.00033   0.22    
   0.6      -0.00034   0.14    
   0.6      -0.0083    0.19    
   0.6       0.0077    0.19    
   0.6       0         0.12    
   0.6      -0.00034   0.14    

CDOF
   0         0         1        -0.0013    0.21      0       
   0.049     1         3.3e-16   0.032    -0.0016   -0.21    
   0.38     -0.019     0.92     -0.0018    0.18      0.0043  
  -0.0032   -1        -0.019     0.23     -0.00091   0.0094  
   0.65      0.012    -0.76      0.0027    0.22      0.0058  
   0.019    -1         9.6e-05  -0.012    -0.00026  -0.3     
  -0.00015  -9.9e-05  -1         0.0016    0.39     -3.9e-05 

CINERT
   0         0         0         0         0         0         0         0         0         0       
   0         0         0         0         0         0        -0        -0        -0         0       
   0.28      0.44      0.17     -0.001    -0.21     -0.0014   -0.67     -0.0043   -0.87      2.8     
   0.035     0.16      0.13     -0.012    -0.043    -0.004    -0.61     -0.057    -0.21      2.9     
   0.034     0.12      0.12      0.0031    0.018    -0.00061  -0.51      0.018     0.1       2.9     
   0.12      0.13      0.022    -0.0015    0.029     0.0055   -0.13     -0.025     0.49      2.2     
   0.14      0.15      0.032    -0.00031  -0.036    -0.00098   0.17      0.0047    0.55      2.6     
   0.029     0.16      0.15     -0.014    -0.035    -0.0036    0.56      0.058     0.15      2.3     
   0.01      0.25      0.24     -0.0053    0.035     0.00077   0.66      0.015    -0.097     1.8     
   8.5e-05   0.094     0.094     0.0026   -0.00099   2.8e-05   0.24     -0.0068    0.0026    0.63    
   0.017     0.12      0.11      0.00045   0.041    -0.00018   0.28     -0.0012   -0.11      0.73    
   5.3e-05   0.00021   0.00015   6.4e-07   9e-05    -3.7e-07   0.00039  -1.6e-06  -0.00023   0.001   
   0.00048   0.0027    0.0023    5.6e-05   0.001    -2.6e-05   0.0058   -0.00014  -0.0027    0.015   
   0.00048   0.0027    0.0023   -3.7e-05   0.001     1.7e-05   0.0058    9.6e-05  -0.0027    0.015   
   6e-08     6e-08     9.2e-08   0         0         0         0         0         3e-20     0.0022  
   1.3e-07   1.3e-07   6.9e-08   1.7e-38   0         0         3.2e-19  -1.6e-22   0         0.0029  

ACTUATOR_LENGTH
  -0.049   
   0.39    
   0.049   
  -2       
  -0.029   
   2.4     
   0.8     

actuator_moment
---------
 x       |
  x      |
   x     |
    x    |
     x   |
      x  |
       x |
---------

ACTUATOR_MOMENT
     0:  1       
     1:  1       
     2:  1       
     3:  1       
     4:  1       
     5:  1       
     6:  1       

CRB
   0         0         0         0         0         0         0         0         0         0       
   0.66      1.6       1.1      -0.027    -0.2      -0.0045   -1e-15     1.6e-17  -6.7e-16   19      
   0.66      1.6       1.1      -0.027    -0.2      -0.0045   -1e-15     1.6e-17  -6.7e-16   19      
   0.38      1.2       0.91     -0.026     0.0091   -0.0031    0.67      0.0043    0.87      16      
   0.35      1         0.77     -0.015     0.052     0.00087   1.3       0.061     1.1       13      
   0.31      0.91      0.65     -0.018     0.034     0.0015    1.8       0.044     0.97      10      
   0.19      0.78      0.63     -0.016     0.0057   -0.004     1.9       0.069     0.49      8.1     
   0.057     0.63      0.6      -0.016     0.042    -0.003     1.7       0.064    -0.061     5.5     
   0.028     0.47      0.45     -0.0021    0.077     0.00062   1.2       0.0065   -0.21      3.2     
   0.018     0.22      0.21      0.0031    0.042    -0.00016   0.53     -0.0081   -0.11      1.4     
   0.018     0.13      0.11      0.00047   0.043    -0.00018   0.29     -0.0012   -0.11      0.76    
   5.3e-05   0.00021   0.00015   6.4e-07   9e-05    -3.7e-07   0.00039  -1.6e-06  -0.00023   0.001   
   0.00048   0.0027    0.0023    5.6e-05   0.001    -2.6e-05   0.0058   -0.00014  -0.0027    0.015   
   0.00048   0.0027    0.0023   -3.7e-05   0.001     1.7e-05   0.0058    9.6e-05  -0.0027    0.015   
   6e-08     6e-08     9.2e-08   0         0         0         0         0         3e-20     0.0022  
   1.3e-07   1.3e-07   6.9e-08   1.7e-38   0         0         3.2e-19  -1.6e-22   0         0.0029  

QM
   2       
  -0.018     2.3     
   1.6      -0.06      1.5     
  -0.036    -1        -0.0056    1.1     
  -0.056    -0.018    -0.044     0.026     0.13    
   0.0011   -0.15      0.0042    0.15      0.001     0.14    
   0.0036   -0.00018   0.0036   -0.0013    0.0014    0.00011   0.1     

QLD
     0:  0.32    
     0:  0.013      1:  1.3     
     0:  1          1: -0.042      2:  1.5     
     0: -0.028      1: -0.93       2: -0.0018     3:  0.95    
     0: -0.43       1: -0.13       2: -0.33       3:  0.19       4:  0.13    
     0:  0.0081     1: -1.1        2:  0.03       3:  1.1        4:  0.0074     5:  0.14    
     0:  0.035      1: -0.0017     2:  0.036      3: -0.013      4:  0.014      5:  0.0011     6:  0.1     

QLDIAGINV
   3.1     
   0.76    
   0.67    
   1.1     
   7.6     
   7.1     
   9.8     

QH
     0:  0.32    
     0:  0.013      1:  1.3     
     0:  1          1: -0.042      2:  1.5     
     0: -0.028      1: -0.93       2: -0.0018     3:  0.95    
     0: -0.43       1: -0.13       2: -0.33       3:  0.19       4:  0.13    
     0:  0.0081     1: -1.1        2:  0.03       3:  1.1        4:  0.0074     5:  0.14    
     0:  0.035      1: -0.0017     2:  0.035      3: -0.013      4:  0.014      5:  0.0011     6:  0.1     

QHDIAGINV
   3.1     
   0.76    
   0.67    
   1.1     
   7.6     
   7.1     
   9.8     

B: body-dof matrix
---------
 xxxxxxx |
 xxxxxxx |
 xxxxxxx |
 xxxxxxx |
 xxxxxxx |
 xxxxxxx |
 xxxxxxx |
 xxxxxxx |
 xxxxxxx |
 xxxxxxx |
 xxxxxxx |
 xxxxxxx |
 xxxxxxx |
 xxxxxxx |
         |
         |
---------

B_rownnz              7 7 7 7 7 7 7 7 7 7 7 7 7 7 0 0

B_rowadr              0 7 14 21 28 35 42 49 56 63 70 77 84 91 98 98

B_colind              0 1 2 3 4 5 6 0 1 2 3 4 5 6 0 1 2 3 4 5 6 0 1 2 3 4 5 6 0 1 2 3 4 5 6 0 1 2 3 4 5 6 0 1 2 3 4 5 6 0 1 2 3 4 5 6 0 1 2 3 4 5 6 0 1 2 3 4 5 6 0 1 2 3 4 5 6 0 1 2 3 4 5 6 0 1 2 3 4 5 6 0 1 2 3 4 5 6

M: inertia matrix
---------
 x       |
 xx      |
 xxx     |
 xxxx    |
 xxxxx   |
 xxxxxx  |
 xxxxxxx |
---------

M_rownnz              1 2 3 4 5 6 7

M_rowadr              0 1 3 6 10 15 21

M_colind              0 0 1 0 1 2 0 1 2 3 0 1 2 3 4 0 1 2 3 4 5 0 1 2 3 4 5 6

mapM2M                0 2 1 5 4 3 9 8 7 6 14 13 12 11 10 20 19 18 17 16 15 27 26 25 24 23 22 21

C: reduced dof-dof matrix
---------
 x       |
 xx      |
 xxx     |
 xxxx    |
 xxxxx   |
 xxxxxx  |
 xxxxxxx |
---------

C_rownnz              1 2 3 4 5 6 7

C_rowadr              0 1 3 6 10 15 21

C_colind              0 0 1 0 1 2 0 1 2 3 0 1 2 3 4 0 1 2 3 4 5 0 1 2 3 4 5 6

mapM2C                0 2 1 5 4 3 9 8 7 6 14 13 12 11 10 20 19 18 17 16 15 27 26 25 24 23 22 21

D: dof-dof matrix
---------
 Dxxxxxx |
 xDxxxxx |
 xxDxxxx |
 xxxDxxx |
 xxxxDxx |
 xxxxxDx |
 xxxxxxD |
---------

D_rownnz              7 7 7 7 7 7 7

D_rowadr              0 7 14 21 28 35 42

D_colind              0 1 2 3 4 5 6 0 1 2 3 4 5 6 0 1 2 3 4 5 6 0 1 2 3 4 5 6 0 1 2 3 4 5 6 0 1 2 3 4 5 6 0 1 2 3 4 5 6

mapM2D                0 2 5 9 14 20 27 2 1 4 8 13 19 26 5 4 3 7 12 18 25 9 8 7 6 11 17 24 14 13 12 11 10 16 23 20 19 18 17 16 15 22 27 26 25 24 23 22 21

mapD2M                0 8 7 16 15 14 24 23 22 21 32 31 30 29 28 40 39 38 37 36 35 48 47 46 45 44 43 42

QDERIV
     0: -2          1:  0          2:  0          3:  0          4:  0          5:  0          6:  0       
     0:  0          1: -2          2:  0          3:  0          4:  0          5:  0          6:  0       
     0:  0          1:  0          2: -2          3:  0          4:  0          5:  0          6:  0       
     0:  0          1:  0          2:  0          3: -2          4:  0          5:  0          6:  0       
     0:  0          1:  0          2:  0          3:  0          4: -2          5:  0          6:  0       
     0:  0          1:  0          2:  0          3:  0          4:  0          5: -2          6:  0       
     0:  0          1:  0          2:  0          3:  0          4:  0          5:  0          6: -2       

CONTACT
EFC_TYPE
  1
  1
  1
  1
  1
  1
  1

EFC_ID
  0
  1
  2
  3
  4
  5
  6

EFC_J
   1         0         0         0         0         0         0       
   0         1         0         0         0         0         0       
   0         0         1         0         0         0         0       
   0         0         0         1         0         0         0       
   0         0         0         0         1         0         0       
   0         0         0         0         0         1         0       
   0         0         0         0         0         0         1       

EFC_POS
   0       
   0       
   0       
   0       
   0       
   0       
   0       

EFC_MARGIN
   0       
   0       
   0       
   0       
   0       
   0       
   0       

EFC_FRICTIONLOSS
   0.1     
   0.1     
   0.1     
   0.1     
   0.1     
   0.1     
   0.1     

EFC_DIAGAPPROX
   5.6     
   0.99    
   6.8     
   4       
   7.7     
   7.2     
   9.8     

EFC_KBIP
   0         1.1e+02   0.9       0       
   0         1.1e+02   0.9       0       
   0         1.1e+02   0.9       0       
   0         1.1e+02   0.9       0       
   0         1.1e+02   0.9       0       
   0         1.1e+02   0.9       0       
   0         1.1e+02   0.9       0       

EFC_D
   1.6     
   9.1     
   1.3     
   2.2     
   1.2     
   1.2     
   0.92    

EFC_R
   0.62    
   0.11    
   0.75    
   0.45    
   0.85    
   0.8     
   1.1     

ACTUATOR_VELOCITY
   0.00015 
  -3.1e-05 
  -0.00017 
  -4.8e-05 
   0.00019 
   5.3e-05 
  -0.00017 

CVEL
   0         0         0         0         0         0       
   0         0         0         0         0         0       
   0         0         0         0         0         0       
   0         0         0.00015  -1.9e-07   3e-05     0       
  -1.5e-06  -3.1e-05   0.00015  -1.2e-06   3e-05     6.4e-06 
  -6.5e-05  -2.8e-05  -6.2e-06  -9.1e-07   8.3e-07   5.7e-06 
  -6.5e-05   2e-05    -5.3e-06  -1.2e-05   8.7e-07   5.3e-06 
   5.9e-05   2.3e-05  -0.00015  -1.1e-05   4.4e-05   6.4e-06 
   6e-05    -3e-05    -0.00015  -1.2e-05   4.4e-05  -9.5e-06 
   6e-05    -3e-05     1.9e-05  -1.2e-05  -2.3e-05  -9.5e-06 
   6e-05    -3e-05     1.9e-05  -1.2e-05  -2.3e-05  -9.5e-06 
   6e-05    -3e-05     1.9e-05  -1.2e-05  -2.3e-05  -9.5e-06 
   6e-05    -3e-05     1.9e-05  -1.2e-05  -2.3e-05  -9.5e-06 
   6e-05    -3e-05     1.9e-05  -1.2e-05  -2.3e-05  -9.5e-06 
   0         0         0         0         0         0       
   0         0         0         0         0         0       

CDOF_DOT
   0         0         0         0         0         0       
  -0.00015   7.2e-06   0         2.3e-07   4.8e-06  -1.7e-06 
  -2.6e-05   5.8e-05   1.2e-05   1.9e-06   3.3e-06  -1.2e-05 
  -5.7e-06  -1.2e-06   6.5e-05   5.4e-06  -8.5e-07   7.4e-06 
  -1.5e-05  -5.3e-05  -1.4e-05   5.7e-07  -5.4e-06  -1.5e-05 
  -0.00015  -2.9e-06  -6e-05    -4.5e-07   2e-05     1.1e-05 
   3e-05     6e-05    -1e-08     1.6e-05  -1.2e-05   2.4e-05 

QFRC_BIAS
  -1.3e-08 
  -39      
   0.93    
   20      
   0.51    
   2.2     
  -3.6e-07 

QFRC_SPRING
   0       
   0       
   0       
   0       
   0       
   0       
   0       

QFRC_DAMPER
  -0.00029 
   6.3e-05 
   0.00033 
   9.7e-05 
  -0.00039 
  -0.00011 
   0.00034 

QFRC_GRAVCOMP
   0       
   0       
   0       
   0       
   0       
   0       
   0       

QFRC_FLUID
   0       
   0       
   0       
   0       
   0       
   0       
   0       

QFRC_PASSIVE
  -0.00029 
   6.3e-05 
   0.00033 
   9.7e-05 
  -0.00039 
  -0.00011 
   0.00034 

EFC_VEL
   0.00015 
  -3.1e-05 
  -0.00017 
  -4.8e-05 
   0.00019 
   5.3e-05 
  -0.00017 

EFC_AREF
  -0.016   
   0.0033  
   0.018   
   0.0051  
  -0.02    
  -0.0055  
   0.018   

SUBTREE_LINVEL
   0         0         0       
   0         0         0       
   0         0         0       
   0         0         0       
   0         0         0       
   0         0         0       
   0         0         0       
   0         0         0       
   0         0         0       
   0         0         0       
   0         0         0       
   0         0         0       
   0         0         0       
   0         0         0       
   0         0         0       
   0         0         0       

SUBTREE_ANGMOM
   0         0         0       
   0         0         0       
   0         0         0       
   0         0         0       
   0         0         0       
   0         0         0       
   0         0         0       
   0         0         0       
   0         0         0       
   0         0         0       
   0         0         0       
   0         0         0       
   0         0         0       
   0         0         0       
   0         0         0       
   0         0         0       

ACTUATOR_FORCE
   0.025   
  -39      
   0.91    
   20      
   0.54    
   2.2     
  -0.017   

QFRC_ACTUATOR
   0.025   
  -39      
   0.91    
   20      
   0.54    
   2.2     
  -0.017   

QFRC_SMOOTH
   0.025   
  -0.03    
  -0.023   
  -0.011   
   0.024   
   0.0069  
  -0.017   

QACC_SMOOTH
   0.16    
  -0.034   
  -0.18    
  -0.052   
   0.2     
   0.071   
  -0.16    

EFC_B
   0.18    
  -0.038   
  -0.2     
  -0.058   
   0.22    
   0.077   
  -0.18    

EFC_FORCE
  -0.025   
   0.03    
   0.023   
   0.011   
  -0.024   
  -0.0069  
   0.017   

EFC_STATE
  1
  1
  1
  1
  1
  1
  1

QFRC_CONSTRAINT
  -0.025   
   0.03    
   0.023   
   0.011   
  -0.024   
  -0.0069  
   0.017   

QFRC_INVERSE
   0       
   0       
   0       
   0       
   0       
   0       
   0       

CACC
   0         0         0         0         0         0       
   0         0         0         0         0         0       
   0         0         0         0         0         0       
   0         0         0         0         0         0       
   0         0         0         0         0         0       
   0         0         0         0         0         0       
   0         0         0         0         0         0       
   0         0         0         0         0         0       
   0         0         0         0         0         0       
   0         0         0         0         0         0       
   0         0         0         0         0         0       
   0         0         0         0         0         0       
   0         0         0         0         0         0       
   0         0         0         0         0         0       
   0         0         0         0         0         0       
   0         0         0         0         0         0       

CFRC_INT
   0         0         0         0         0         0       
   0         0         0         0         0         0       
   0         0         0         0         0         0       
   0         0         0         0         0         0       
   0         0         0         0         0         0       
   0         0         0         0         0         0       
   0         0         0         0         0         0       
   0         0         0         0         0         0       
   0         0         0         0         0         0       
   0         0         0         0         0         0       
   0         0         0         0         0         0       
   0         0         0         0         0         0       
   0         0         0         0         0         0       
   0         0         0         0         0         0       
   0         0         0         0         0         0       
   0         0         0         0         0         0       

CFRC_EXT
   0         0         0         0         0         0       
   0         0         0         0         0         0       
   0         0         0         0         0         0       
   0         0         0         0         0         0       
   0         0         0         0         0         0       
   0         0         0         0         0         0       
   0         0         0         0         0         0       
   0         0         0         0         0         0       
   0         0         0         0         0         0       
   0         0         0         0         0         0       
   0         0         0         0         0         0       
   0         0         0         0         0         0       
   0         0         0         0         0         0       
   0         0         0         0         0         0       
   0         0         0         0         0         0       
   0         0         0         0         0         0       

